1	326.51248
2	326.75597
3	326.99947
4	327.24297
5	327.48648
6	327.72998
7	327.97349
8	328.217
9	328.46051
10	328.70403
11	328.94755
12	329.19107
13	329.4346
14	329.67812
15	329.92165
16	330.16518
17	330.40872
18	330.65226
19	330.8958
20	331.13934
21	331.38289
22	331.62644
23	331.86999
24	332.11354
25	332.3571
26	332.60066
27	332.84422
28	333.08778
29	333.33135
30	333.57492
31	333.81849
32	334.06207
33	334.30564
34	334.54922
35	334.79281
36	335.03639
37	335.27998
38	335.52357
39	335.76717
40	336.01076
41	336.25436
42	336.49796
43	336.74157
44	336.98518
45	337.22879
46	337.4724
47	337.71601
48	337.95963
49	338.20325
50	338.44688
51	338.6905
52	338.93413
53	339.17776
54	339.4214
55	339.66503
56	339.90867
57	340.15231
58	340.39596
59	340.63961
60	340.88326
61	341.12691
62	341.37056
63	341.61422
64	341.85788
65	342.10155
66	342.34521
67	342.58888
68	342.83255
69	343.07623
70	343.3199
71	343.56358
72	343.80726
73	344.05095
74	344.29464
75	344.53833
76	344.78202
77	345.02571
78	345.26941
79	345.51311
80	345.75682
81	346.00052
82	346.24423
83	346.48794
84	346.73166
85	346.97537
86	347.21909
87	347.46281
88	347.70654
89	347.95027
90	348.194
91	348.43773
92	348.68147
93	348.9252
94	349.16894
95	349.41269
96	349.65643
97	349.90018
98	350.14393
99	350.38769
100	350.63145
101	350.87521
102	351.11897
103	351.36273
104	351.6065
105	351.85027
106	352.09404
107	352.33782
108	352.5816
109	352.82538
110	353.06916
111	353.31295
112	353.55674
113	353.80053
114	354.04432
115	354.28812
116	354.53192
117	354.77572
118	355.01953
119	355.26333
120	355.50714
121	355.75096
122	355.99477
123	356.23859
124	356.48241
125	356.72624
126	356.97006
127	357.21389
128	357.45772
129	357.70156
130	357.94539
131	358.18923
132	358.43308
133	358.67692
134	358.92077
135	359.16462
136	359.40847
137	359.65233
138	359.89619
139	360.14005
140	360.38391
141	360.62778
142	360.87165
143	361.11552
144	361.35939
145	361.60327
146	361.84715
147	362.09103
148	362.33492
149	362.57881
150	362.8227
151	363.06659
152	363.31049
153	363.55438
154	363.79829
155	364.04219
156	364.2861
157	364.53001
158	364.77392
159	365.01783
160	365.26175
161	365.50567
162	365.74959
163	365.99352
164	366.23745
165	366.48138
166	366.72531
167	366.96924
168	367.21318
169	367.45712
170	367.70107
171	367.94502
172	368.18896
173	368.43292
174	368.67687
175	368.92083
176	369.16479
177	369.40875
178	369.65272
179	369.89668
180	370.14066
181	370.38463
182	370.6286
183	370.87258
184	371.11656
185	371.36055
186	371.60454
187	371.84853
188	372.09252
189	372.33651
190	372.58051
191	372.82451
192	373.06851
193	373.31252
194	373.55653
195	373.80054
196	374.04455
197	374.28857
198	374.53258
199	374.77661
200	375.02063
201	375.26466
202	375.50869
203	375.75272
204	375.99675
205	376.24079
206	376.48483
207	376.72887
208	376.97292
209	377.21697
210	377.46102
211	377.70507
212	377.94913
213	378.19319
214	378.43725
215	378.68131
216	378.92538
217	379.16945
218	379.41352
219	379.6576
220	379.90167
221	380.14575
222	380.38984
223	380.63392
224	380.87801
225	381.1221
226	381.3662
227	381.61029
228	381.85439
229	382.09849
230	382.3426
231	382.5867
232	382.83081
233	383.07493
234	383.31904
235	383.56316
236	383.80728
237	384.0514
238	384.29553
239	384.53966
240	384.78379
241	385.02792
242	385.27206
243	385.5162
244	385.76034
245	386.00448
246	386.24863
247	386.49278
248	386.73693
249	386.98109
250	387.22525
251	387.46941
252	387.71357
253	387.95773
254	388.2019
255	388.44607
256	388.69025
257	388.93442
258	389.1786
259	389.42279
260	389.66697
261	389.91116
262	390.15535
263	390.39954
264	390.64373
265	390.88793
266	391.13213
267	391.37634
268	391.62054
269	391.86475
270	392.10896
271	392.35318
272	392.59739
273	392.84161
274	393.08583
275	393.33006
276	393.57429
277	393.81852
278	394.06275
279	394.30698
280	394.55122
281	394.79546
282	395.03971
283	395.28395
284	395.5282
285	395.77245
286	396.01671
287	396.26096
288	396.50522
289	396.74948
290	396.99375
291	397.23802
292	397.48229
293	397.72656
294	397.97083
295	398.21511
296	398.45939
297	398.70368
298	398.94796
299	399.19225
300	399.43654
301	399.68084
302	399.92513
303	400.16943
304	400.41373
305	400.65804
306	400.90235
307	401.14666
308	401.39097
309	401.63528
310	401.8796
311	402.12392
312	402.36825
313	402.61257
314	402.8569
315	403.10123
316	403.34557
317	403.5899
318	403.83424
319	404.07859
320	404.32293
321	404.56728
322	404.81163
323	405.05598
324	405.30034
325	405.5447
326	405.78906
327	406.03342
328	406.27779
329	406.52216
330	406.76653
331	407.0109
332	407.25528
333	407.49966
334	407.74404
335	407.98842
336	408.23281
337	408.4772
338	408.7216
339	408.96599
340	409.21039
341	409.45479
342	409.69919
343	409.9436
344	410.18801
345	410.43242
346	410.67684
347	410.92125
348	411.16567
349	411.41009
350	411.65452
351	411.89895
352	412.14338
353	412.38781
354	412.63225
355	412.87668
356	413.12113
357	413.36557
358	413.61002
359	413.85447
360	414.09892
361	414.34337
362	414.58783
363	414.83229
364	415.07675
365	415.32122
366	415.56568
367	415.81015
368	416.05463
369	416.2991
370	416.54358
371	416.78806
372	417.03255
373	417.27703
374	417.52152
375	417.76601
376	418.01051
377	418.25501
378	418.49951
379	418.74401
380	418.98851
381	419.23302
382	419.47753
383	419.72205
384	419.96656
385	420.21108
386	420.4556
387	420.70012
388	420.94465
389	421.18918
390	421.43371
391	421.67825
392	421.92278
393	422.16732
394	422.41187
395	422.65641
396	422.90096
397	423.14551
398	423.39006
399	423.63462
400	423.87918
401	424.12374
402	424.3683
403	424.61287
404	424.85744
405	425.10201
406	425.34659
407	425.59116
408	425.83574
409	426.08033
410	426.32491
411	426.5695
412	426.81409
413	427.05869
414	427.30328
415	427.54788
416	427.79248
417	428.03709
418	428.28169
419	428.5263
420	428.77091
421	429.01553
422	429.26015
423	429.50477
424	429.74939
425	429.99401
426	430.23864
427	430.48327
428	430.72791
429	430.97254
430	431.21718
431	431.46182
432	431.70647
433	431.95111
434	432.19576
435	432.44042
436	432.68507
437	432.92973
438	433.17439
439	433.41905
440	433.66372
441	433.90839
442	434.15306
443	434.39773
444	434.64241
445	434.88709
446	435.13177
447	435.37645
448	435.62114
449	435.86583
450	436.11052
451	436.35522
452	436.59991
453	436.84461
454	437.08932
455	437.33402
456	437.57873
457	437.82344
458	438.06815
459	438.31287
460	438.55759
461	438.80231
462	439.04704
463	439.29176
464	439.53649
465	439.78123
466	440.02596
467	440.2707
468	440.51544
469	440.76018
470	441.00493
471	441.24968
472	441.49443
473	441.73918
474	441.98394
475	442.2287
476	442.47346
477	442.71822
478	442.96299
479	443.20776
480	443.45253
481	443.69731
482	443.94209
483	444.18687
484	444.43165
485	444.67643
486	444.92122
487	445.16601
488	445.41081
489	445.6556
490	445.9004
491	446.14521
492	446.39001
493	446.63482
494	446.87963
495	447.12444
496	447.36926
497	447.61407
498	447.85889
499	448.10372
500	448.34854
501	448.59337
502	448.8382
503	449.08304
504	449.32787
505	449.57271
506	449.81755
507	450.0624
508	450.30725
509	450.5521
510	450.79695
511	451.0418
512	451.28666
513	451.53152
514	451.77639
515	452.02125
516	452.26612
517	452.51099
518	452.75587
519	453.00074
520	453.24562
521	453.49051
522	453.73539
523	453.98028
524	454.22517
525	454.47006
526	454.71496
527	454.95985
528	455.20475
529	455.44966
530	455.69456
531	455.93947
532	456.18438
533	456.4293
534	456.67422
535	456.91913
536	457.16406
537	457.40898
538	457.65391
539	457.89884
540	458.14377
541	458.38871
542	458.63365
543	458.87859
544	459.12353
545	459.36848
546	459.61343
547	459.85838
548	460.10333
549	460.34829
550	460.59325
551	460.83821
552	461.08317
553	461.32814
554	461.57311
555	461.81809
556	462.06306
557	462.30804
558	462.55302
559	462.798
560	463.04299
561	463.28798
562	463.53297
563	463.77797
564	464.02296
565	464.26796
566	464.51296
567	464.75797
568	465.00298
569	465.24799
570	465.493
571	465.73802
572	465.98303
573	466.22806
574	466.47308
575	466.71811
576	466.96313
577	467.20817
578	467.4532
579	467.69824
580	467.94328
581	468.18832
582	468.43336
583	468.67841
584	468.92346
585	469.16852
586	469.41357
587	469.65863
588	469.90369
589	470.14876
590	470.39382
591	470.63889
592	470.88396
593	471.12904
594	471.37411
595	471.61919
596	471.86428
597	472.10936
598	472.35445
599	472.59954
600	472.84463
601	473.08973
602	473.33483
603	473.57993
604	473.82503
605	474.07014
606	474.31525
607	474.56036
608	474.80548
609	475.05059
610	475.29571
611	475.54084
612	475.78596
613	476.03109
614	476.27622
615	476.52135
616	476.76649
617	477.01163
618	477.25677
619	477.50191
620	477.74706
621	477.99221
622	478.23736
623	478.48251
624	478.72767
625	478.97283
626	479.21799
627	479.46316
628	479.70833
629	479.9535
630	480.19867
631	480.44385
632	480.68903
633	480.93421
634	481.17939
635	481.42458
636	481.66977
637	481.91496
638	482.16016
639	482.40535
640	482.65055
641	482.89576
642	483.14096
643	483.38617
644	483.63138
645	483.87659
646	484.12181
647	484.36703
648	484.61225
649	484.85747
650	485.1027
651	485.34793
652	485.59316
653	485.8384
654	486.08364
655	486.32888
656	486.57412
657	486.81936
658	487.06461
659	487.30986
660	487.55512
661	487.80037
662	488.04563
663	488.29089
664	488.53616
665	488.78142
666	489.02669
667	489.27197
668	489.51724
669	489.76252
670	490.0078
671	490.25308
672	490.49837
673	490.74366
674	490.98895
675	491.23424
676	491.47954
677	491.72484
678	491.97014
679	492.21544
680	492.46075
681	492.70606
682	492.95137
683	493.19669
684	493.442
685	493.68732
686	493.93265
687	494.17797
688	494.4233
689	494.66863
690	494.91397
691	495.1593
692	495.40464
693	495.64998
694	495.89533
695	496.14067
696	496.38602
697	496.63138
698	496.87673
699	497.12209
700	497.36745
701	497.61281
702	497.85818
703	498.10355
704	498.34892
705	498.59429
706	498.83967
707	499.08505
708	499.33043
709	499.57581
710	499.8212
711	500.06659
712	500.31198
713	500.55738
714	500.80278
715	501.04818
716	501.29358
717	501.53899
718	501.7844
719	502.02981
720	502.27522
721	502.52064
722	502.76606
723	503.01148
724	503.2569
725	503.50233
726	503.74776
727	503.99319
728	504.23863
729	504.48407
730	504.72951
731	504.97495
732	505.2204
733	505.46584
734	505.7113
735	505.95675
736	506.20221
737	506.44767
738	506.69313
739	506.93859
740	507.18406
741	507.42953
742	507.675
743	507.92048
744	508.16596
745	508.41144
746	508.65692
747	508.90241
748	509.1479
749	509.39339
750	509.63888
751	509.88438
752	510.12988
753	510.37538
754	510.62088
755	510.86639
756	511.1119
757	511.35741
758	511.60293
759	511.84845
760	512.09397
761	512.33949
762	512.58502
763	512.83055
764	513.07608
765	513.32161
766	513.56715
767	513.81269
768	514.05823
769	514.30378
770	514.54932
771	514.79487
772	515.04043
773	515.28598
774	515.53154
775	515.7771
776	516.02267
777	516.26823
778	516.5138
779	516.75937
780	517.00495
781	517.25052
782	517.4961
783	517.74169
784	517.98727
785	518.23286
786	518.47845
787	518.72404
788	518.96964
789	519.21524
790	519.46084
791	519.70644
792	519.95205
793	520.19766
794	520.44327
795	520.68888
796	520.9345
797	521.18012
798	521.42574
799	521.67137
800	521.91699
801	522.16262
802	522.40826
803	522.65389
804	522.89953
805	523.14517
806	523.39082
807	523.63646
808	523.88211
809	524.12776
810	524.37342
811	524.61907
812	524.86473
813	525.1104
814	525.35606
815	525.60173
816	525.8474
817	526.09307
818	526.33875
819	526.58443
820	526.83011
821	527.07579
822	527.32148
823	527.56717
824	527.81286
825	528.05856
826	528.30425
827	528.54995
828	528.79565
829	529.04136
830	529.28707
831	529.53278
832	529.77849
833	530.02421
834	530.26993
835	530.51565
836	530.76137
837	531.0071
838	531.25283
839	531.49856
840	531.74429
841	531.99003
842	532.23577
843	532.48151
844	532.72726
845	532.97301
846	533.21876
847	533.46451
848	533.71027
849	533.95603
850	534.20179
851	534.44755
852	534.69332
853	534.93909
854	535.18486
855	535.43063
856	535.67641
857	535.92219
858	536.16797
859	536.41376
860	536.65955
861	536.90534
862	537.15113
863	537.39693
864	537.64273
865	537.88853
866	538.13433
867	538.38014
868	538.62595
869	538.87176
870	539.11758
871	539.36339
872	539.60921
873	539.85504
874	540.10086
875	540.34669
876	540.59252
877	540.83835
878	541.08419
879	541.33003
880	541.57587
881	541.82172
882	542.06756
883	542.31341
884	542.55926
885	542.80512
886	543.05098
887	543.29684
888	543.5427
889	543.78857
890	544.03443
891	544.2803
892	544.52618
893	544.77205
894	545.01793
895	545.26381
896	545.5097
897	545.75559
898	546.00148
899	546.24737
900	546.49326
901	546.73916
902	546.98506
903	547.23096
904	547.47687
905	547.72278
906	547.96869
907	548.2146
908	548.46052
909	548.70644
910	548.95236
911	549.19828
912	549.44421
913	549.69014
914	549.93607
915	550.18201
916	550.42795
917	550.67389
918	550.91983
919	551.16578
920	551.41172
921	551.65768
922	551.90363
923	552.14959
924	552.39554
925	552.64151
926	552.88747
927	553.13344
928	553.37941
929	553.62538
930	553.87136
931	554.11733
932	554.36331
933	554.6093
934	554.85528
935	555.10127
936	555.34726
937	555.59326
938	555.83925
939	556.08525
940	556.33125
941	556.57726
942	556.82327
943	557.06928
944	557.31529
945	557.5613
946	557.80732
947	558.05334
948	558.29937
949	558.54539
950	558.79142
951	559.03745
952	559.28349
953	559.52952
954	559.77556
955	560.0216
956	560.26765
957	560.5137
958	560.75975
959	561.0058
960	561.25185
961	561.49791
962	561.74397
963	561.99004
964	562.2361
965	562.48217
966	562.72824
967	562.97432
968	563.22039
969	563.46647
970	563.71255
971	563.95864
972	564.20473
973	564.45082
974	564.69691
975	564.943
976	565.1891
977	565.4352
978	565.68131
979	565.92741
980	566.17352
981	566.41963
982	566.66575
983	566.91186
984	567.15798
985	567.40411
986	567.65023
987	567.89636
988	568.14249
989	568.38862
990	568.63476
991	568.8809
992	569.12704
993	569.37318
994	569.61933
995	569.86547
996	570.11163
997	570.35778
998	570.60394
999	570.8501
1000	571.09626
1001	571.34242
1002	571.58859
1003	571.83476
1004	572.08093
1005	572.32711
1006	572.57329
1007	572.81947
1008	573.06565
1009	573.31184
1010	573.55803
1011	573.80422
1012	574.05041
1013	574.29661
1014	574.54281
1015	574.78901
1016	575.03522
1017	575.28143
1018	575.52764
1019	575.77385
1020	576.02007
1021	576.26628
1022	576.5125
1023	576.75873
1024	577.00496
1025	577.25118
1026	577.49742
1027	577.74365
1028	577.98989
1029	578.23613
1030	578.48237
1031	578.72861
1032	578.97486
1033	579.22111
1034	579.46737
1035	579.71362
1036	579.95988
1037	580.20614
1038	580.45241
1039	580.69867
1040	580.94494
1041	581.19121
1042	581.43749
1043	581.68376
1044	581.93004
1045	582.17633
1046	582.42261
1047	582.6689
1048	582.91519
1049	583.16148
1050	583.40778
1051	583.65408
1052	583.90038
1053	584.14668
1054	584.39299
1055	584.6393
1056	584.88561
1057	585.13193
1058	585.37824
1059	585.62456
1060	585.87089
1061	586.11721
1062	586.36354
1063	586.60987
1064	586.8562
1065	587.10254
1066	587.34888
1067	587.59522
1068	587.84156
1069	588.08791
1070	588.33426
1071	588.58061
1072	588.82697
1073	589.07332
1074	589.31968
1075	589.56605
1076	589.81241
1077	590.05878
1078	590.30515
1079	590.55152
1080	590.7979
1081	591.04428
1082	591.29066
1083	591.53704
1084	591.78343
1085	592.02982
1086	592.27621
1087	592.52261
1088	592.769
1089	593.0154
1090	593.26181
1091	593.50821
1092	593.75462
1093	594.00103
1094	594.24744
1095	594.49386
1096	594.74028
1097	594.9867
1098	595.23313
1099	595.47955
1100	595.72598
1101	595.97241
1102	596.21885
1103	596.46529
1104	596.71173
1105	596.95817
1106	597.20461
1107	597.45106
1108	597.69751
1109	597.94397
1110	598.19042
1111	598.43688
1112	598.68334
1113	598.92981
1114	599.17628
1115	599.42275
1116	599.66922
1117	599.91569
1118	600.16217
1119	600.40865
1120	600.65513
1121	600.90162
1122	601.14811
1123	601.3946
1124	601.64109
1125	601.88759
1126	602.13409
1127	602.38059
1128	602.62709
1129	602.8736
1130	603.12011
1131	603.36662
1132	603.61314
1133	603.85966
1134	604.10618
1135	604.3527
1136	604.59922
1137	604.84575
1138	605.09228
1139	605.33882
1140	605.58535
1141	605.83189
1142	606.07843
1143	606.32498
1144	606.57153
1145	606.81808
1146	607.06463
1147	607.31118
1148	607.55774
1149	607.8043
1150	608.05087
1151	608.29743
1152	608.544
1153	608.79057
1154	609.03714
1155	609.28372
1156	609.5303
1157	609.77688
1158	610.02347
1159	610.27005
1160	610.51664
1161	610.76324
1162	611.00983
1163	611.25643
1164	611.50303
1165	611.74963
1166	611.99624
1167	612.24285
1168	612.48946
1169	612.73607
1170	612.98269
1171	613.22931
1172	613.47593
1173	613.72256
1174	613.96918
1175	614.21581
1176	614.46245
1177	614.70908
1178	614.95572
1179	615.20236
1180	615.449
1181	615.69565
1182	615.9423
1183	616.18895
1184	616.4356
1185	616.68226
1186	616.92892
1187	617.17558
1188	617.42225
1189	617.66891
1190	617.91558
1191	618.16226
1192	618.40893
1193	618.65561
1194	618.90229
1195	619.14897
1196	619.39566
1197	619.64235
1198	619.88904
1199	620.13573
1200	620.38243
1201	620.62913
1202	620.87583
1203	621.12254
1204	621.36924
1205	621.61595
1206	621.86267
1207	622.10938
1208	622.3561
1209	622.60282
1210	622.84955
1211	623.09627
1212	623.343
1213	623.58973
1214	623.83647
1215	624.0832
1216	624.32994
1217	624.57668
1218	624.82343
1219	625.07018
1220	625.31693
1221	625.56368
1222	625.81044
1223	626.05719
1224	626.30396
1225	626.55072
1226	626.79749
1227	627.04425
1228	627.29103
1229	627.5378
1230	627.78458
1231	628.03136
1232	628.27814
1233	628.52492
1234	628.77171
1235	629.0185
1236	629.26529
1237	629.51209
1238	629.75889
1239	630.00569
1240	630.25249
1241	630.4993
1242	630.74611
1243	630.99292
1244	631.23974
1245	631.48655
1246	631.73337
1247	631.98019
1248	632.22702
1249	632.47385
1250	632.72068
1251	632.96751
1252	633.21435
1253	633.46118
1254	633.70803
1255	633.95487
1256	634.20172
1257	634.44857
1258	634.69542
1259	634.94227
1260	635.18913
1261	635.43599
1262	635.68285
1263	635.92972
1264	636.17658
1265	636.42345
1266	636.67033
1267	636.9172
1268	637.16408
1269	637.41096
1270	637.65785
1271	637.90473
1272	638.15162
1273	638.39851
1274	638.64541
1275	638.89231
1276	639.13921
1277	639.38611
1278	639.63301
1279	639.87992
1280	640.12683
1281	640.37375
1282	640.62066
1283	640.86758
1284	641.1145
1285	641.36143
1286	641.60835
1287	641.85528
1288	642.10221
1289	642.34915
1290	642.59609
1291	642.84303
1292	643.08997
1293	643.33691
1294	643.58386
1295	643.83081
1296	644.07777
1297	644.32472
1298	644.57168
1299	644.81864
1300	645.06561
1301	645.31257
1302	645.55954
1303	645.80651
1304	646.05349
1305	646.30047
1306	646.54745
1307	646.79443
1308	647.04141
1309	647.2884
1310	647.53539
1311	647.78239
1312	648.02938
1313	648.27638
1314	648.52338
1315	648.77039
1316	649.01739
1317	649.2644
1318	649.51142
1319	649.75843
1320	650.00545
1321	650.25247
1322	650.49949
1323	650.74652
1324	650.99354
1325	651.24058
1326	651.48761
1327	651.73465
1328	651.98168
1329	652.22873
1330	652.47577
1331	652.72282
1332	652.96987
1333	653.21692
1334	653.46397
1335	653.71103
1336	653.95809
1337	654.20515
1338	654.45222
1339	654.69929
1340	654.94636
1341	655.19343
1342	655.44051
1343	655.68759
1344	655.93467
1345	656.18175
1346	656.42884
1347	656.67593
1348	656.92302
1349	657.17012
1350	657.41722
1351	657.66432
1352	657.91142
1353	658.15853
1354	658.40563
1355	658.65274
1356	658.89986
1357	659.14697
1358	659.39409
1359	659.64122
1360	659.88834
1361	660.13547
1362	660.3826
1363	660.62973
1364	660.87686
1365	661.124
1366	661.37114
1367	661.61829
1368	661.86543
1369	662.11258
1370	662.35973
1371	662.60688
1372	662.85404
1373	663.1012
1374	663.34836
1375	663.59553
1376	663.84269
1377	664.08986
1378	664.33704
1379	664.58421
1380	664.83139
1381	665.07857
1382	665.32575
1383	665.57294
1384	665.82013
1385	666.06732
1386	666.31451
1387	666.56171
1388	666.80891
1389	667.05611
1390	667.30331
1391	667.55052
1392	667.79773
1393	668.04494
1394	668.29216
1395	668.53938
1396	668.7866
1397	669.03382
1398	669.28105
1399	669.52828
1400	669.77551
1401	670.02274
1402	670.26998
1403	670.51722
1404	670.76446
1405	671.0117
1406	671.25895
1407	671.5062
1408	671.75345
1409	672.00071
1410	672.24797
1411	672.49523
1412	672.74249
1413	672.98976
1414	673.23703
1415	673.4843
1416	673.73157
1417	673.97885
1418	674.22613
1419	674.47341
1420	674.7207
1421	674.96798
1422	675.21527
1423	675.46257
1424	675.70986
1425	675.95716
1426	676.20446
1427	676.45176
1428	676.69907
1429	676.94638
1430	677.19369
1431	677.441
1432	677.68832
1433	677.93564
1434	678.18296
1435	678.43029
1436	678.67762
1437	678.92495
1438	679.17228
1439	679.41961
1440	679.66695
1441	679.91429
1442	680.16164
1443	680.40898
1444	680.65633
1445	680.90368
1446	681.15104
1447	681.39839
1448	681.64575
1449	681.89312
1450	682.14048
1451	682.38785
1452	682.63522
1453	682.88259
1454	683.12997
1455	683.37735
1456	683.62473
1457	683.87211
1458	684.1195
1459	684.36689
1460	684.61428
1461	684.86167
1462	685.10907
1463	685.35647
1464	685.60387
1465	685.85128
1466	686.09868
1467	686.34609
1468	686.59351
1469	686.84092
1470	687.08834
1471	687.33576
1472	687.58319
1473	687.83061
1474	688.07804
1475	688.32547
1476	688.57291
1477	688.82034
1478	689.06778
1479	689.31523
1480	689.56267
1481	689.81012
1482	690.05757
1483	690.30502
1484	690.55248
1485	690.79994
1486	691.0474
1487	691.29486
1488	691.54233
1489	691.7898
1490	692.03727
1491	692.28474
1492	692.53222
1493	692.7797
1494	693.02718
1495	693.27467
1496	693.52216
1497	693.76965
1498	694.01714
1499	694.26464
1500	694.51214
1501	694.75964
1502	695.00714
1503	695.25465
1504	695.50216
1505	695.74967
1506	695.99718
1507	696.2447
1508	696.49222
1509	696.73974
1510	696.98727
1511	697.2348
1512	697.48233
1513	697.72986
1514	697.9774
1515	698.22494
1516	698.47248
1517	698.72002
1518	698.96757
1519	699.21512
1520	699.46267
1521	699.71022
1522	699.95778
1523	700.20534
1524	700.4529
1525	700.70047
1526	700.94804
1527	701.19561
1528	701.44318
1529	701.69076
1530	701.93834
1531	702.18592
1532	702.4335
1533	702.68109
1534	702.92868
1535	703.17627
1536	703.42386
1537	703.67146
1538	703.91906
1539	704.16667
1540	704.41427
1541	704.66188
1542	704.90949
1543	705.1571
1544	705.40472
1545	705.65234
1546	705.89996
1547	706.14758
1548	706.39521
1549	706.64284
1550	706.89047
1551	707.13811
1552	707.38574
1553	707.63339
1554	707.88103
1555	708.12867
1556	708.37632
1557	708.62397
1558	708.87163
1559	709.11928
1560	709.36694
1561	709.6146
1562	709.86227
1563	710.10993
1564	710.3576
1565	710.60528
1566	710.85295
1567	711.10063
1568	711.34831
1569	711.59599
1570	711.84368
1571	712.09137
1572	712.33906
1573	712.58675
1574	712.83445
1575	713.08215
1576	713.32985
1577	713.57755
1578	713.82526
1579	714.07297
1580	714.32068
1581	714.5684
1582	714.81611
1583	715.06383
1584	715.31156
1585	715.55928
1586	715.80701
1587	716.05474
1588	716.30248
1589	716.55021
1590	716.79795
1591	717.04569
1592	717.29344
1593	717.54119
1594	717.78894
1595	718.03669
1596	718.28444
1597	718.5322
1598	718.77996
1599	719.02772
1600	719.27549
1601	719.52326
1602	719.77103
1603	720.0188
1604	720.26658
1605	720.51436
1606	720.76214
1607	721.00993
1608	721.25771
1609	721.5055
1610	721.7533
1611	722.00109
1612	722.24889
1613	722.49669
1614	722.74449
1615	722.9923
1616	723.24011
1617	723.48792
1618	723.73573
1619	723.98355
1620	724.23137
1621	724.47919
1622	724.72702
1623	724.97484
1624	725.22267
1625	725.47051
1626	725.71834
1627	725.96618
1628	726.21402
1629	726.46186
1630	726.70971
1631	726.95756
1632	727.20541
1633	727.45326
1634	727.70112
1635	727.94898
1636	728.19684
1637	728.44471
1638	728.69257
1639	728.94044
1640	729.18832
1641	729.43619
1642	729.68407
1643	729.93195
1644	730.17983
1645	730.42772
1646	730.67561
1647	730.9235
1648	731.17139
1649	731.41929
1650	731.66719
1651	731.91509
1652	732.163
1653	732.4109
1654	732.65881
1655	732.90673
1656	733.15464
1657	733.40256
1658	733.65048
1659	733.89841
1660	734.14633
1661	734.39426
1662	734.64219
1663	734.89013
1664	735.13806
1665	735.386
1666	735.63395
1667	735.88189
1668	736.12984
1669	736.37779
1670	736.62574
1671	736.8737
1672	737.12165
1673	737.36962
1674	737.61758
1675	737.86555
1676	738.11351
1677	738.36149
1678	738.60946
1679	738.85744
1680	739.10542
1681	739.3534
1682	739.60138
1683	739.84937
1684	740.09736
1685	740.34536
1686	740.59335
1687	740.84135
1688	741.08935
1689	741.33735
1690	741.58536
1691	741.83337
1692	742.08138
1693	742.3294
1694	742.57741
1695	742.82543
1696	743.07346
1697	743.32148
1698	743.56951
1699	743.81754
1700	744.06557
1701	744.31361
1702	744.56165
1703	744.80969
1704	745.05773
1705	745.30578
1706	745.55383
1707	745.80188
1708	746.04993
1709	746.29799
1710	746.54605
1711	746.79411
1712	747.04218
1713	747.29025
1714	747.53832
1715	747.78639
1716	748.03446
1717	748.28254
1718	748.53062
1719	748.77871
1720	749.0268
1721	749.27488
1722	749.52298
1723	749.77107
1724	750.01917
1725	750.26727
1726	750.51537
1727	750.76348
1728	751.01158
1729	751.25969
1730	751.50781
1731	751.75592
1732	752.00404
1733	752.25216
1734	752.50029
1735	752.74841
1736	752.99654
1737	753.24468
1738	753.49281
1739	753.74095
1740	753.98909
1741	754.23723
1742	754.48538
1743	754.73352
1744	754.98167
1745	755.22983
1746	755.47798
1747	755.72614
1748	755.9743
1749	756.22247
1750	756.47063
1751	756.7188
1752	756.96698
1753	757.21515
1754	757.46333
1755	757.71151
1756	757.95969
1757	758.20788
1758	758.45606
1759	758.70426
1760	758.95245
1761	759.20065
1762	759.44884
1763	759.69705
1764	759.94525
1765	760.19346
1766	760.44167
1767	760.68988
1768	760.93809
1769	761.18631
1770	761.43453
1771	761.68275
1772	761.93098
1773	762.17921
1774	762.42744
1775	762.67567
1776	762.92391
1777	763.17215
1778	763.42039
1779	763.66863
1780	763.91688
1781	764.16513
1782	764.41338
1783	764.66164
1784	764.90989
1785	765.15815
1786	765.40642
1787	765.65468
1788	765.90295
1789	766.15122
1790	766.3995
1791	766.64777
1792	766.89605
1793	767.14433
1794	767.39262
1795	767.6409
1796	767.88919
1797	768.13749
1798	768.38578
1799	768.63408
1800	768.88238
1801	769.13068
1802	769.37899
1803	769.6273
1804	769.87561
1805	770.12392
1806	770.37224
1807	770.62056
1808	770.86888
1809	771.1172
1810	771.36553
1811	771.61386
1812	771.86219
1813	772.11053
1814	772.35887
1815	772.60721
1816	772.85555
1817	773.10389
1818	773.35224
1819	773.60059
1820	773.84895
1821	774.0973
1822	774.34566
1823	774.59403
1824	774.84239
1825	775.09076
1826	775.33913
1827	775.5875
1828	775.83587
1829	776.08425
1830	776.33263
1831	776.58102
1832	776.8294
1833	777.07779
1834	777.32618
1835	777.57458
1836	777.82297
1837	778.07137
1838	778.31977
1839	778.56818
1840	778.81659
1841	779.065
1842	779.31341
1843	779.56182
1844	779.81024
1845	780.05866
1846	780.30709
1847	780.55551
1848	780.80394
1849	781.05237
1850	781.30081
1851	781.54924
1852	781.79768
1853	782.04612
1854	782.29457
1855	782.54302
1856	782.79147
1857	783.03992
1858	783.28837
1859	783.53683
1860	783.78529
1861	784.03376
1862	784.28222
1863	784.53069
1864	784.77916
1865	785.02764
1866	785.27611
1867	785.52459
1868	785.77307
1869	786.02156
1870	786.27005
1871	786.51854
1872	786.76703
1873	787.01553
1874	787.26402
1875	787.51252
1876	787.76103
1877	788.00953
1878	788.25804
1879	788.50655
1880	788.75507
1881	789.00359
1882	789.2521
1883	789.50063
1884	789.74915
1885	789.99768
1886	790.24621
1887	790.49474
1888	790.74328
1889	790.99182
1890	791.24036
1891	791.4889
1892	791.73745
1893	791.986
1894	792.23455
1895	792.4831
1896	792.73166
1897	792.98022
1898	793.22878
1899	793.47735
1900	793.72591
1901	793.97448
1902	794.22306
1903	794.47163
1904	794.72021
1905	794.96879
1906	795.21738
1907	795.46596
1908	795.71455
1909	795.96314
1910	796.21174
1911	796.46033
1912	796.70893
1913	796.95754
1914	797.20614
1915	797.45475
1916	797.70336
1917	797.95197
1918	798.20059
1919	798.44921
1920	798.69783
1921	798.94645
1922	799.19508
1923	799.44371
1924	799.69234
1925	799.94097
1926	800.18961
1927	800.43825
1928	800.68689
1929	800.93554
1930	801.18418
1931	801.43284
1932	801.68149
1933	801.93014
1934	802.1788
1935	802.42746
1936	802.67613
1937	802.92479
1938	803.17346
1939	803.42214
1940	803.67081
1941	803.91949
1942	804.16817
1943	804.41685
1944	804.66553
1945	804.91422
1946	805.16291
1947	805.41161
1948	805.6603
1949	805.909
1950	806.1577
1951	806.40641
1952	806.65511
1953	806.90382
1954	807.15253
1955	807.40125
1956	807.64997
1957	807.89869
1958	808.14741
1959	808.39613
1960	808.64486
1961	808.89359
1962	809.14233
1963	809.39106
1964	809.6398
1965	809.88854
1966	810.13729
1967	810.38603
1968	810.63478
1969	810.88353
1970	811.13229
1971	811.38105
1972	811.62981
1973	811.87857
1974	812.12733
1975	812.3761
1976	812.62487
1977	812.87365
1978	813.12242
1979	813.3712
1980	813.61998
1981	813.86877
1982	814.11755
1983	814.36634
1984	814.61514
1985	814.86393
1986	815.11273
1987	815.36153
1988	815.61033
1989	815.85914
1990	816.10794
1991	816.35676
1992	816.60557
1993	816.85439
1994	817.1032
1995	817.35203
1996	817.60085
1997	817.84968
1998	818.09851
1999	818.34734
2000	818.59617
2001	818.84501
2002	819.09385
2003	819.34269
2004	819.59154
2005	819.84039
2006	820.08924
2007	820.33809
2008	820.58695
2009	820.83581
2010	821.08467
2011	821.33353
2012	821.5824
2013	821.83127
2014	822.08014
2015	822.32902
2016	822.5779
2017	822.82678
2018	823.07566
2019	823.32454
2020	823.57343
2021	823.82232
2022	824.07122
2023	824.32011
2024	824.56901
2025	824.81791
2026	825.06682
2027	825.31573
2028	825.56464
2029	825.81355
2030	826.06246
2031	826.31138
2032	826.5603
2033	826.80922
2034	827.05815
2035	827.30708
2036	827.55601
2037	827.80494
2038	828.05388
2039	828.30282
2040	828.55176
2041	828.80071
2042	829.04965
2043	829.2986
2044	829.54755
2045	829.79651
2046	830.04547
2047	830.29443
2048	830.54339
2049	830.79236
2050	831.04133
2051	831.2903
2052	831.53927
2053	831.78825
2054	832.03723
2055	832.28621
2056	832.53519
2057	832.78418
2058	833.03317
2059	833.28216
2060	833.53116
2061	833.78016
2062	834.02916
2063	834.27816
2064	834.52717
2065	834.77617
2066	835.02519
2067	835.2742
2068	835.52322
2069	835.77224
2070	836.02126
2071	836.27028
2072	836.51931
2073	836.76834
2074	837.01737
2075	837.26641
2076	837.51545
2077	837.76449
2078	838.01353
2079	838.26258
2080	838.51162
2081	838.76068
2082	839.00973
2083	839.25879
2084	839.50785
2085	839.75691
2086	840.00597
2087	840.25504
2088	840.50411
2089	840.75318
2090	841.00226
2091	841.25134
2092	841.50042
2093	841.7495
2094	841.99859
2095	842.24768
2096	842.49677
2097	842.74586
2098	842.99496
2099	843.24406
2100	843.49316
2101	843.74227
2102	843.99137
2103	844.24048
2104	844.4896
2105	844.73871
2106	844.98783
2107	845.23695
2108	845.48607
2109	845.7352
2110	845.98433
2111	846.23346
2112	846.48259
2113	846.73173
2114	846.98087
2115	847.23001
2116	847.47916
2117	847.72831
2118	847.97746
2119	848.22661
2120	848.47576
2121	848.72492
2122	848.97408
2123	849.22325
2124	849.47241
2125	849.72158
2126	849.97075
2127	850.21993
2128	850.46911
2129	850.71829
2130	850.96747
2131	851.21665
2132	851.46584
2133	851.71503
2134	851.96422
2135	852.21342
2136	852.46262
2137	852.71182
2138	852.96102
2139	853.21023
2140	853.45944
2141	853.70865
2142	853.95786
2143	854.20708
2144	854.4563
2145	854.70552
2146	854.95475
2147	855.20398
2148	855.45321
2149	855.70244
2150	855.95168
2151	856.20091
2152	856.45016
2153	856.6994
2154	856.94865
2155	857.1979
2156	857.44715
2157	857.6964
2158	857.94566
2159	858.19492
2160	858.44418
2161	858.69345
2162	858.94271
2163	859.19198
2164	859.44126
2165	859.69053
2166	859.93981
2167	860.18909
2168	860.43838
2169	860.68766
2170	860.93695
2171	861.18625
2172	861.43554
2173	861.68484
2174	861.93414
2175	862.18344
2176	862.43274
2177	862.68205
2178	862.93136
2179	863.18068
2180	863.42999
2181	863.67931
2182	863.92863
2183	864.17796
2184	864.42728
2185	864.67661
2186	864.92594
2187	865.17528
2188	865.42462
2189	865.67396
2190	865.9233
2191	866.17264
2192	866.42199
2193	866.67134
2194	866.9207
2195	867.17005
2196	867.41941
2197	867.66877
2198	867.91814
2199	868.1675
2200	868.41687
2201	868.66625
2202	868.91562
2203	869.165
2204	869.41438
2205	869.66376
2206	869.91315
2207	870.16253
2208	870.41193
2209	870.66132
2210	870.91071
2211	871.16011
2212	871.40952
2213	871.65892
2214	871.90833
2215	872.15774
2216	872.40715
2217	872.65656
2218	872.90598
2219	873.1554
2220	873.40482
2221	873.65425
2222	873.90368
2223	874.15311
2224	874.40254
2225	874.65198
2226	874.90142
2227	875.15086
2228	875.4003
2229	875.64975
2230	875.8992
2231	876.14865
2232	876.39811
2233	876.64756
2234	876.89702
2235	877.14649
2236	877.39595
2237	877.64542
2238	877.89489
2239	878.14437
2240	878.39384
2241	878.64332
2242	878.8928
2243	879.14229
2244	879.39177
2245	879.64126
2246	879.89076
2247	880.14025
2248	880.38975
2249	880.63925
2250	880.88875
2251	881.13826
2252	881.38777
2253	881.63728
2254	881.88679
2255	882.13631
2256	882.38583
2257	882.63535
2258	882.88487
2259	883.1344
2260	883.38393
2261	883.63346
2262	883.883
2263	884.13254
2264	884.38208
2265	884.63162
2266	884.88116
2267	885.13071
2268	885.38026
2269	885.62982
2270	885.87937
2271	886.12893
2272	886.3785
2273	886.62806
2274	886.87763
2275	887.1272
2276	887.37677
2277	887.62635
2278	887.87592
2279	888.1255
2280	888.37509
2281	888.62467
2282	888.87426
2283	889.12385
2284	889.37345
2285	889.62304
2286	889.87264
2287	890.12224
2288	890.37185
2289	890.62146
2290	890.87107
2291	891.12068
2292	891.37029
2293	891.61991
2294	891.86953
2295	892.11916
2296	892.36878
2297	892.61841
2298	892.86804
2299	893.11768
2300	893.36731
2301	893.61695
2302	893.86659
2303	894.11624
2304	894.36589
2305	894.61554
2306	894.86519
2307	895.11484
2308	895.3645
2309	895.61416
2310	895.86383
2311	896.11349
2312	896.36316
2313	896.61283
2314	896.86251
2315	897.11218
2316	897.36186
2317	897.61155
2318	897.86123
2319	898.11092
2320	898.36061
2321	898.6103
2322	898.86
2323	899.10969
2324	899.3594
2325	899.6091
2326	899.85881
2327	900.10851
2328	900.35823
2329	900.60794
2330	900.85766
2331	901.10738
2332	901.3571
2333	901.60682
2334	901.85655
2335	902.10628
2336	902.35601
2337	902.60575
2338	902.85549
2339	903.10523
2340	903.35497
2341	903.60472
2342	903.85447
2343	904.10422
2344	904.35397
2345	904.60373
2346	904.85349
2347	905.10325
2348	905.35302
2349	905.60279
2350	905.85256
2351	906.10233
2352	906.3521
2353	906.60188
2354	906.85166
2355	907.10145
2356	907.35123
2357	907.60102
2358	907.85081
2359	908.10061
2360	908.35041
2361	908.60021
2362	908.85001
2363	909.09981
2364	909.34962
2365	909.59943
2366	909.84924
2367	910.09906
2368	910.34888
2369	910.5987
2370	910.84852
2371	911.09835
2372	911.34818
2373	911.59801
2374	911.84784
2375	912.09768
2376	912.34752
2377	912.59736
2378	912.84721
2379	913.09706
2380	913.34691
2381	913.59676
2382	913.84662
2383	914.09648
2384	914.34634
2385	914.5962
2386	914.84607
2387	915.09594
2388	915.34581
2389	915.59568
2390	915.84556
2391	916.09544
2392	916.34532
2393	916.59521
2394	916.8451
2395	917.09499
2396	917.34488
2397	917.59478
2398	917.84467
2399	918.09458
2400	918.34448
2401	918.59439
2402	918.8443
2403	919.09421
2404	919.34412
2405	919.59404
2406	919.84396
2407	920.09388
2408	920.34381
2409	920.59374
2410	920.84367
2411	921.0936
2412	921.34354
2413	921.59347
2414	921.84342
2415	922.09336
2416	922.34331
2417	922.59326
2418	922.84321
2419	923.09316
2420	923.34312
2421	923.59308
2422	923.84304
2423	924.09301
2424	924.34298
2425	924.59295
2426	924.84292
2427	925.0929
2428	925.34288
2429	925.59286
2430	925.84284
2431	926.09283
2432	926.34282
2433	926.59281
2434	926.8428
2435	927.0928
2436	927.3428
2437	927.5928
2438	927.84281
2439	928.09282
2440	928.34283
2441	928.59284
2442	928.84286
2443	929.09288
2444	929.3429
2445	929.59292
2446	929.84295
2447	930.09298
2448	930.34301
2449	930.59305
2450	930.84308
2451	931.09312
2452	931.34317
2453	931.59321
2454	931.84326
2455	932.09331
2456	932.34337
2457	932.59342
2458	932.84348
2459	933.09354
2460	933.34361
2461	933.59367
2462	933.84374
2463	934.09382
2464	934.34389
2465	934.59397
2466	934.84405
2467	935.09413
2468	935.34422
2469	935.59431
2470	935.8444
2471	936.09449
2472	936.34459
2473	936.59469
2474	936.84479
2475	937.09489
2476	937.345
2477	937.59511
2478	937.84522
2479	938.09534
2480	938.34546
2481	938.59558
2482	938.8457
2483	939.09582
2484	939.34595
2485	939.59608
2486	939.84622
2487	940.09635
2488	940.34649
2489	940.59664
2490	940.84678
2491	941.09693
2492	941.34708
2493	941.59723
2494	941.84738
2495	942.09754
2496	942.3477
2497	942.59787
2498	942.84803
2499	943.0982
2500	943.34837
2501	943.59855
2502	943.84872
2503	944.0989
2504	944.34908
2505	944.59927
2506	944.84946
2507	945.09965
2508	945.34984
2509	945.60003
2510	945.85023
2511	946.10043
2512	946.35063
2513	946.60084
2514	946.85105
2515	947.10126
2516	947.35147
2517	947.60169
2518	947.85191
2519	948.10213
2520	948.35236
2521	948.60258
2522	948.85281
2523	949.10305
2524	949.35328
2525	949.60352
2526	949.85376
2527	950.104
2528	950.35425
2529	950.6045
2530	950.85475
2531	951.10501
2532	951.35526
2533	951.60552
2534	951.85578
2535	952.10605
2536	952.35632
2537	952.60659
2538	952.85686
2539	953.10713
2540	953.35741
2541	953.60769
2542	953.85798
2543	954.10826
2544	954.35855
2545	954.60884
2546	954.85914
2547	955.10943
2548	955.35973
2549	955.61004
2550	955.86034
2551	956.11065
2552	956.36096
2553	956.61127
2554	956.86159
2555	957.1119
2556	957.36223
2557	957.61255
2558	957.86288
2559	958.1132
2560	958.36354
2561	958.61387
2562	958.86421
2563	959.11455
2564	959.36489
2565	959.61523
2566	959.86558
2567	960.11593
2568	960.36628
2569	960.61664
2570	960.867
2571	961.11736
2572	961.36772
2573	961.61809
2574	961.86846
2575	962.11883
2576	962.3692
2577	962.61958
2578	962.86996
2579	963.12034
2580	963.37073
2581	963.62112
2582	963.87151
2583	964.1219
2584	964.3723
2585	964.62269
2586	964.8731
2587	965.1235
2588	965.37391
2589	965.62431
2590	965.87473
2591	966.12514
2592	966.37556
2593	966.62598
2594	966.8764
2595	967.12682
2596	967.37725
2597	967.62768
2598	967.87812
2599	968.12855
2600	968.37899
2601	968.62943
2602	968.87988
2603	969.13032
2604	969.38077
2605	969.63122
2606	969.88168
2607	970.13213
2608	970.38259
2609	970.63306
2610	970.88352
2611	971.13399
2612	971.38446
2613	971.63493
2614	971.88541
2615	972.13589
2616	972.38637
2617	972.63685
2618	972.88734
2619	973.13783
2620	973.38832
2621	973.63882
2622	973.88931
2623	974.13981
2624	974.39032
2625	974.64082
2626	974.89133
2627	975.14184
2628	975.39235
2629	975.64287
2630	975.89339
2631	976.14391
2632	976.39443
2633	976.64496
2634	976.89549
2635	977.14602
2636	977.39656
2637	977.64709
2638	977.89763
2639	978.14818
2640	978.39872
2641	978.64927
2642	978.89982
2643	979.15037
2644	979.40093
2645	979.65149
2646	979.90205
2647	980.15261
2648	980.40318
2649	980.65375
2650	980.90432
2651	981.1549
2652	981.40547
2653	981.65605
2654	981.90664
2655	982.15722
2656	982.40781
2657	982.6584
2658	982.909
2659	983.15959
2660	983.41019
2661	983.66079
2662	983.9114
2663	984.162
2664	984.41261
2665	984.66322
2666	984.91384
2667	985.16446
2668	985.41508
2669	985.6657
2670	985.91633
2671	986.16695
2672	986.41759
2673	986.66822
2674	986.91886
2675	987.16949
2676	987.42014
2677	987.67078
2678	987.92143
2679	988.17208
2680	988.42273
2681	988.67338
2682	988.92404
2683	989.1747
2684	989.42536
2685	989.67603
2686	989.9267
2687	990.17737
2688	990.42804
2689	990.67872
2690	990.9294
2691	991.18008
2692	991.43076
2693	991.68145
2694	991.93214
2695	992.18283
2696	992.43353
2697	992.68423
2698	992.93493
2699	993.18563
2700	993.43634
2701	993.68704
2702	993.93776
2703	994.18847
2704	994.43919
2705	994.6899
2706	994.94063
2707	995.19135
2708	995.44208
2709	995.69281
2710	995.94354
2711	996.19428
2712	996.44501
2713	996.69575
2714	996.9465
2715	997.19724
2716	997.44799
2717	997.69874
2718	997.9495
2719	998.20025
2720	998.45101
2721	998.70177
2722	998.95254
2723	999.20331
2724	999.45408
2725	999.70485
2726	999.95562
2727	1000.2064
2728	1000.45718
2729	1000.70797
2730	1000.95875
2731	1001.20954
2732	1001.46033
2733	1001.71113
2734	1001.96192
2735	1002.21272
2736	1002.46352
2737	1002.71433
2738	1002.96513
2739	1003.21594
2740	1003.46676
2741	1003.71757
2742	1003.96839
2743	1004.21921
2744	1004.47003
2745	1004.72086
2746	1004.97169
2747	1005.22252
2748	1005.47335
2749	1005.72419
2750	1005.97503
2751	1006.22587
2752	1006.47672
2753	1006.72757
2754	1006.97842
2755	1007.22927
2756	1007.48012
2757	1007.73098
2758	1007.98184
2759	1008.23271
2760	1008.48357
2761	1008.73444
2762	1008.98531
2763	1009.23619
2764	1009.48706
2765	1009.73794
2766	1009.98882
2767	1010.23971
2768	1010.4906
2769	1010.74149
2770	1010.99238
2771	1011.24328
2772	1011.49417
2773	1011.74507
2774	1011.99598
2775	1012.24688
2776	1012.49779
2777	1012.7487
2778	1012.99962
2779	1013.25054
2780	1013.50146
2781	1013.75238
2782	1014.0033
2783	1014.25423
2784	1014.50516
2785	1014.75609
2786	1015.00703
2787	1015.25797
2788	1015.50891
2789	1015.75985
2790	1016.0108
2791	1016.26175
2792	1016.5127
2793	1016.76365
2794	1017.01461
2795	1017.26557
2796	1017.51653
2797	1017.7675
2798	1018.01846
2799	1018.26943
2800	1018.52041
2801	1018.77138
2802	1019.02236
2803	1019.27334
2804	1019.52433
2805	1019.77531
2806	1020.0263
2807	1020.27729
2808	1020.52829
2809	1020.77929
2810	1021.03028
2811	1021.28129
2812	1021.53229
2813	1021.7833
2814	1022.03431
2815	1022.28532
2816	1022.53634
2817	1022.78736
2818	1023.03838
2819	1023.2894
2820	1023.54043
2821	1023.79146
2822	1024.04249
2823	1024.29352
2824	1024.54456
2825	1024.7956
2826	1025.04664
2827	1025.29769
2828	1025.54874
2829	1025.79979
2830	1026.05084
2831	1026.3019
2832	1026.55296
2833	1026.80402
2834	1027.05508
2835	1027.30615
2836	1027.55722
2837	1027.80829
2838	1028.05936
2839	1028.31044
2840	1028.56152
2841	1028.8126
2842	1029.06369
2843	1029.31478
2844	1029.56587
2845	1029.81696
2846	1030.06806
2847	1030.31915
2848	1030.57026
2849	1030.82136
2850	1031.07247
2851	1031.32358
2852	1031.57469
2853	1031.8258
2854	1032.07692
2855	1032.32804
2856	1032.57916
2857	1032.83029
2858	1033.08142
2859	1033.33255
2860	1033.58368
2861	1033.83482
2862	1034.08595
2863	1034.3371
2864	1034.58824
2865	1034.83939
2866	1035.09054
2867	1035.34169
2868	1035.59284
2869	1035.844
2870	1036.09516
2871	1036.34632
2872	1036.59749
2873	1036.84866
2874	1037.09983
2875	1037.351
2876	1037.60218
2877	1037.85336
2878	1038.10454
2879	1038.35572
2880	1038.60691
2881	1038.8581
2882	1039.10929
2883	1039.36048
2884	1039.61168
2885	1039.86288
2886	1040.11409
2887	1040.36529
2888	1040.6165
2889	1040.86771
2890	1041.11892
2891	1041.37014
2892	1041.62136
2893	1041.87258
2894	1042.1238
2895	1042.37503
2896	1042.62626
2897	1042.87749
2898	1043.12873
2899	1043.37997
2900	1043.63121
2901	1043.88245
2902	1044.13369
2903	1044.38494
2904	1044.63619
2905	1044.88745
2906	1045.1387
2907	1045.38996
2908	1045.64122
2909	1045.89249
2910	1046.14376
2911	1046.39503
2912	1046.6463
2913	1046.89757
2914	1047.14885
2915	1047.40013
2916	1047.65141
2917	1047.9027
2918	1048.15399
2919	1048.40528
2920	1048.65657
2921	1048.90787
2922	1049.15917
2923	1049.41047
2924	1049.66177
2925	1049.91308
2926	1050.16439
2927	1050.4157
2928	1050.66702
2929	1050.91834
2930	1051.16966
2931	1051.42098
2932	1051.67231
2933	1051.92363
2934	1052.17497
2935	1052.4263
2936	1052.67764
2937	1052.92898
2938	1053.18032
2939	1053.43166
2940	1053.68301
2941	1053.93436
2942	1054.18571
2943	1054.43707
2944	1054.68842
2945	1054.93978
2946	1055.19115
2947	1055.44251
2948	1055.69388
2949	1055.94525
2950	1056.19663
2951	1056.448
2952	1056.69938
2953	1056.95077
2954	1057.20215
2955	1057.45354
2956	1057.70493
2957	1057.95632
2958	1058.20771
2959	1058.45911
2960	1058.71051
2961	1058.96192
2962	1059.21332
2963	1059.46473
2964	1059.71614
2965	1059.96756
2966	1060.21897
2967	1060.47039
2968	1060.72181
2969	1060.97324
2970	1061.22467
2971	1061.4761
2972	1061.72753
2973	1061.97897
2974	1062.2304
2975	1062.48184
2976	1062.73329
2977	1062.98473
2978	1063.23618
2979	1063.48763
2980	1063.73909
2981	1063.99054
2982	1064.242
2983	1064.49347
2984	1064.74493
2985	1064.9964
2986	1065.24787
2987	1065.49934
2988	1065.75082
2989	1066.00229
2990	1066.25378
2991	1066.50526
2992	1066.75675
2993	1067.00823
2994	1067.25973
2995	1067.51122
2996	1067.76272
2997	1068.01422
2998	1068.26572
2999	1068.51722
3000	1068.76873
3001	1069.02024
3002	1069.27175
3003	1069.52327
3004	1069.77479
3005	1070.02631
3006	1070.27783
3007	1070.52936
3008	1070.78089
3009	1071.03242
3010	1071.28395
3011	1071.53549
3012	1071.78703
3013	1072.03857
3014	1072.29012
3015	1072.54166
3016	1072.79321
3017	1073.04477
3018	1073.29632
3019	1073.54788
3020	1073.79944
3021	1074.05101
3022	1074.30257
3023	1074.55414
3024	1074.80571
3025	1075.05729
3026	1075.30886
3027	1075.56044
3028	1075.81203
3029	1076.06361
3030	1076.3152
3031	1076.56679
3032	1076.81838
3033	1077.06998
3034	1077.32158
3035	1077.57318
3036	1077.82478
3037	1078.07639
3038	1078.328
3039	1078.57961
3040	1078.83122
3041	1079.08284
3042	1079.33446
3043	1079.58608
3044	1079.83771
3045	1080.08934
3046	1080.34097
3047	1080.5926
3048	1080.84424
3049	1081.09587
3050	1081.34752
3051	1081.59916
3052	1081.85081
3053	1082.10245
3054	1082.35411
3055	1082.60576
3056	1082.85742
3057	1083.10908
3058	1083.36074
3059	1083.61241
3060	1083.86407
3061	1084.11574
3062	1084.36742
3063	1084.61909
3064	1084.87077
3065	1085.12245
3066	1085.37414
3067	1085.62582
3068	1085.87751
3069	1086.12921
3070	1086.3809
3071	1086.6326
3072	1086.8843
3073	1087.136
3074	1087.38771
3075	1087.63941
3076	1087.89112
3077	1088.14284
3078	1088.39455
3079	1088.64627
3080	1088.89799
3081	1089.14972
3082	1089.40144
3083	1089.65317
3084	1089.90491
3085	1090.15664
3086	1090.40838
3087	1090.66012
3088	1090.91186
3089	1091.16361
3090	1091.41535
3091	1091.6671
3092	1091.91886
3093	1092.17061
3094	1092.42237
3095	1092.67413
3096	1092.9259
3097	1093.17767
3098	1093.42943
3099	1093.68121
3100	1093.93298
3101	1094.18476
3102	1094.43654
3103	1094.68832
3104	1094.94011
3105	1095.1919
3106	1095.44369
3107	1095.69548
3108	1095.94728
3109	1096.19908
3110	1096.45088
3111	1096.70268
3112	1096.95449
3113	1097.2063
3114	1097.45811
3115	1097.70992
3116	1097.96174
3117	1098.21356
3118	1098.46539
3119	1098.71721
3120	1098.96904
3121	1099.22087
3122	1099.4727
3123	1099.72454
3124	1099.97638
3125	1100.22822
3126	1100.48006
3127	1100.73191
3128	1100.98376
3129	1101.23561
3130	1101.48747
3131	1101.73933
3132	1101.99119
3133	1102.24305
3134	1102.49492
3135	1102.74678
3136	1102.99865
3137	1103.25053
3138	1103.5024
3139	1103.75428
3140	1104.00617
3141	1104.25805
3142	1104.50994
3143	1104.76183
3144	1105.01372
3145	1105.26561
3146	1105.51751
3147	1105.76941
3148	1106.02132
3149	1106.27322
3150	1106.52513
3151	1106.77704
3152	1107.02895
3153	1107.28087
3154	1107.53279
3155	1107.78471
3156	1108.03664
3157	1108.28856
3158	1108.54049
3159	1108.79243
3160	1109.04436
3161	1109.2963
3162	1109.54824
3163	1109.80018
3164	1110.05213
3165	1110.30408
3166	1110.55603
3167	1110.80798
3168	1111.05994
3169	1111.3119
3170	1111.56386
3171	1111.81582
3172	1112.06779
3173	1112.31976
3174	1112.57173
3175	1112.82371
3176	1113.07569
3177	1113.32767
3178	1113.57965
3179	1113.83164
3180	1114.08363
3181	1114.33562
3182	1114.58761
3183	1114.83961
3184	1115.09161
3185	1115.34361
3186	1115.59561
3187	1115.84762
3188	1116.09963
3189	1116.35164
3190	1116.60366
3191	1116.85568
3192	1117.1077
3193	1117.35972
3194	1117.61175
3195	1117.86378
3196	1118.11581
3197	1118.36784
3198	1118.61988
3199	1118.87192
3200	1119.12396
3201	1119.376
3202	1119.62805
3203	1119.8801
3204	1120.13215
3205	1120.38421
3206	1120.63627
3207	1120.88833
3208	1121.14039
3209	1121.39246
3210	1121.64453
3211	1121.8966
3212	1122.14867
3213	1122.40075
3214	1122.65283
3215	1122.90491
3216	1123.157
3217	1123.40908
3218	1123.66117
3219	1123.91327
3220	1124.16536
3221	1124.41746
3222	1124.66956
3223	1124.92166
3224	1125.17377
3225	1125.42588
3226	1125.67799
3227	1125.93011
3228	1126.18222
3229	1126.43434
3230	1126.68646
3231	1126.93859
3232	1127.19072
3233	1127.44285
3234	1127.69498
3235	1127.94712
3236	1128.19925
3237	1128.45139
3238	1128.70354
3239	1128.95568
3240	1129.20783
3241	1129.45999
3242	1129.71214
3243	1129.9643
3244	1130.21646
3245	1130.46862
3246	1130.72078
3247	1130.97295
3248	1131.22512
3249	1131.47729
3250	1131.72947
3251	1131.98165
3252	1132.23383
3253	1132.48601
3254	1132.7382
3255	1132.99039
3256	1133.24258
3257	1133.49478
3258	1133.74697
3259	1133.99917
3260	1134.25137
3261	1134.50358
3262	1134.75579
3263	1135.008
3264	1135.26021
3265	1135.51243
3266	1135.76465
3267	1136.01687
3268	1136.26909
3269	1136.52132
3270	1136.77355
3271	1137.02578
3272	1137.27801
3273	1137.53025
3274	1137.78249
3275	1138.03473
3276	1138.28698
3277	1138.53922
3278	1138.79148
3279	1139.04373
3280	1139.29598
3281	1139.54824
3282	1139.8005
3283	1140.05277
3284	1140.30503
3285	1140.5573
3286	1140.80958
3287	1141.06185
3288	1141.31413
3289	1141.56641
3290	1141.81869
3291	1142.07098
3292	1142.32326
3293	1142.57555
3294	1142.82785
3295	1143.08014
3296	1143.33244
3297	1143.58474
3298	1143.83705
3299	1144.08935
3300	1144.34166
3301	1144.59398
3302	1144.84629
3303	1145.09861
3304	1145.35093
3305	1145.60325
3306	1145.85558
3307	1146.1079
3308	1146.36023
3309	1146.61257
3310	1146.8649
3311	1147.11724
3312	1147.36958
3313	1147.62193
3314	1147.87427
3315	1148.12662
3316	1148.37898
3317	1148.63133
3318	1148.88369
3319	1149.13605
3320	1149.38841
3321	1149.64078
3322	1149.89314
3323	1150.14552
3324	1150.39789
3325	1150.65027
3326	1150.90264
3327	1151.15503
3328	1151.40741
3329	1151.6598
3330	1151.91219
3331	1152.16458
3332	1152.41697
3333	1152.66937
3334	1152.92177
3335	1153.17417
3336	1153.42658
3337	1153.67899
3338	1153.9314
3339	1154.18381
3340	1154.43623
3341	1154.68865
3342	1154.94107
3343	1155.19349
3344	1155.44592
3345	1155.69835
3346	1155.95078
3347	1156.20322
3348	1156.45565
3349	1156.70809
3350	1156.96054
3351	1157.21298
3352	1157.46543
3353	1157.71788
3354	1157.97034
3355	1158.22279
3356	1158.47525
3357	1158.72771
3358	1158.98018
3359	1159.23264
3360	1159.48511
3361	1159.73759
3362	1159.99006
3363	1160.24254
3364	1160.49502
3365	1160.7475
3366	1160.99999
3367	1161.25248
3368	1161.50497
3369	1161.75746
3370	1162.00996
3371	1162.26246
3372	1162.51496
3373	1162.76746
3374	1163.01997
3375	1163.27248
3376	1163.52499
3377	1163.77751
3378	1164.03003
3379	1164.28255
3380	1164.53507
3381	1164.7876
3382	1165.04012
3383	1165.29265
3384	1165.54519
3385	1165.79773
3386	1166.05026
3387	1166.30281
3388	1166.55535
3389	1166.8079
3390	1167.06045
3391	1167.313
3392	1167.56556
3393	1167.81811
3394	1168.07067
3395	1168.32324
3396	1168.5758
3397	1168.82837
3398	1169.08094
3399	1169.33352
3400	1169.58609
3401	1169.83867
3402	1170.09125
3403	1170.34384
3404	1170.59643
3405	1170.84902
3406	1171.10161
3407	1171.3542
3408	1171.6068
3409	1171.8594
3410	1172.11201
3411	1172.36461
3412	1172.61722
3413	1172.86983
3414	1173.12245
3415	1173.37506
3416	1173.62768
3417	1173.8803
3418	1174.13293
3419	1174.38556
3420	1174.63819
3421	1174.89082
3422	1175.14345
3423	1175.39609
3424	1175.64873
3425	1175.90138
3426	1176.15402
3427	1176.40667
3428	1176.65932
3429	1176.91198
3430	1177.16463
3431	1177.41729
3432	1177.66996
3433	1177.92262
3434	1178.17529
3435	1178.42796
3436	1178.68063
3437	1178.93331
3438	1179.18598
3439	1179.43867
3440	1179.69135
3441	1179.94404
3442	1180.19672
3443	1180.44942
3444	1180.70211
3445	1180.95481
3446	1181.20751
3447	1181.46021
3448	1181.71291
3449	1181.96562
3450	1182.21833
3451	1182.47104
3452	1182.72376
3453	1182.97648
3454	1183.2292
3455	1183.48192
3456	1183.73465
3457	1183.98738
3458	1184.24011
3459	1184.49284
3460	1184.74558
3461	1184.99832
3462	1185.25106
3463	1185.50381
3464	1185.75655
3465	1186.00931
3466	1186.26206
3467	1186.51481
3468	1186.76757
3469	1187.02033
3470	1187.2731
3471	1187.52586
3472	1187.77863
3473	1188.0314
3474	1188.28418
3475	1188.53696
3476	1188.78974
3477	1189.04252
3478	1189.2953
3479	1189.54809
3480	1189.80088
3481	1190.05367
3482	1190.30647
3483	1190.55927
3484	1190.81207
3485	1191.06487
3486	1191.31768
3487	1191.57049
3488	1191.8233
3489	1192.07611
3490	1192.32893
3491	1192.58175
3492	1192.83457
3493	1193.0874
3494	1193.34023
3495	1193.59306
3496	1193.84589
3497	1194.09873
3498	1194.35157
3499	1194.60441
3500	1194.85725
3501	1195.1101
3502	1195.36295
3503	1195.6158
3504	1195.86865
3505	1196.12151
3506	1196.37437
3507	1196.62723
3508	1196.8801
3509	1197.13297
3510	1197.38584
3511	1197.63871
3512	1197.89159
3513	1198.14446
3514	1198.39734
3515	1198.65023
3516	1198.90312
3517	1199.156
3518	1199.4089
3519	1199.66179
3520	1199.91469
3521	1200.16759
3522	1200.42049
3523	1200.6734
3524	1200.9263
3525	1201.17922
3526	1201.43213
3527	1201.68504
3528	1201.93796
3529	1202.19088
3530	1202.44381
3531	1202.69674
3532	1202.94966
3533	1203.2026
3534	1203.45553
3535	1203.70847
3536	1203.96141
3537	1204.21435
3538	1204.4673
3539	1204.72025
3540	1204.9732
3541	1205.22615
3542	1205.47911
3543	1205.73206
3544	1205.98503
3545	1206.23799
3546	1206.49096
3547	1206.74393
3548	1206.9969
3549	1207.24987
3550	1207.50285
3551	1207.75583
3552	1208.00881
3553	1208.2618
3554	1208.51479
3555	1208.76778
3556	1209.02077
3557	1209.27377
3558	1209.52677
3559	1209.77977
3560	1210.03277
3561	1210.28578
3562	1210.53879
3563	1210.7918
3564	1211.04482
3565	1211.29783
3566	1211.55085
3567	1211.80388
3568	1212.0569
3569	1212.30993
3570	1212.56296
3571	1212.816
3572	1213.06903
3573	1213.32207
3574	1213.57511
3575	1213.82816
3576	1214.0812
3577	1214.33425
3578	1214.58731
3579	1214.84036
3580	1215.09342
3581	1215.34648
3582	1215.59954
3583	1215.85261
3584	1216.10568
3585	1216.35875
3586	1216.61182
3587	1216.8649
3588	1217.11798
3589	1217.37106
3590	1217.62414
3591	1217.87723
3592	1218.13032
3593	1218.38341
3594	1218.63651
3595	1218.8896
3596	1219.1427
3597	1219.39581
3598	1219.64891
3599	1219.90202
3600	1220.15513
3601	1220.40825
3602	1220.66136
3603	1220.91448
3604	1221.1676
3605	1221.42073
3606	1221.67386
3607	1221.92699
3608	1222.18012
3609	1222.43325
3610	1222.68639
3611	1222.93953
3612	1223.19268
3613	1223.44582
3614	1223.69897
3615	1223.95212
3616	1224.20527
3617	1224.45843
3618	1224.71159
3619	1224.96475
3620	1225.21792
3621	1225.47108
3622	1225.72425
3623	1225.97743
3624	1226.2306
3625	1226.48378
3626	1226.73696
3627	1226.99014
3628	1227.24333
3629	1227.49652
3630	1227.74971
3631	1228.0029
3632	1228.2561
3633	1228.5093
3634	1228.7625
3635	1229.01571
3636	1229.26891
3637	1229.52212
3638	1229.77534
3639	1230.02855
3640	1230.28177
3641	1230.53499
3642	1230.78821
3643	1231.04144
3644	1231.29467
3645	1231.5479
3646	1231.80113
3647	1232.05437
3648	1232.30761